Offset	A	C	G	T
1	0.299578	0.185654	0.236287	0.278481
2	0.308017	0.215190	0.236287	0.240506
3	0.316456	0.274262	0.156118	0.253165
4	0.274262	0.232068	0.210970	0.282700
5	0.295359	0.198312	0.236287	0.270042
6	0.236287	0.210970	0.232068	0.320675
7	0.316456	0.223629	0.202532	0.257384
8	0.295359	0.227848	0.189873	0.286920
9	0.265823	0.278481	0.219409	0.236287
10	0.308017	0.210970	0.172996	0.308017
11	0.227848	0.194093	0.206751	0.371308
12	0.270042	0.236287	0.219409	0.274262
13	0.253165	0.236287	0.189873	0.320675
14	0.286920	0.223629	0.185654	0.303797
15	0.270042	0.206751	0.240506	0.282700
16	0.341772	0.202532	0.210970	0.244726
17	0.278481	0.194093	0.257384	0.270042
18	0.257384	0.236287	0.261603	0.244726
19	0.248945	0.265823	0.156118	0.329114
20	0.265823	0.215190	0.291139	0.227848
21	0.337553	0.168776	0.354430	0.139241
22	0.308017	0.143460	0.240506	0.308017
23	0.270042	0.172996	0.248945	0.308017
24	0.261603	0.232068	0.236287	0.270042
25	0.227848	0.248945	0.168776	0.354430
26	0.240506	0.282700	0.172996	0.303797
27	0.244726	0.232068	0.172996	0.350211
28	0.223629	0.261603	0.206751	0.308017
29	0.227848	0.240506	0.253165	0.278481
30	0.257384	0.215190	0.257384	0.270042
31	0.299578	0.181435	0.227848	0.291139
32	0.240506	0.261603	0.223629	0.274262
33	0.257384	0.240506	0.236287	0.265823
34	0.295359	0.240506	0.198312	0.265823
35	0.257384	0.223629	0.253165	0.265823
36	0.278481	0.194093	0.223629	0.303797
37	0.253165	0.219409	0.253165	0.274262
38	0.265823	0.219409	0.253165	0.261603
39	0.198312	0.248945	0.236287	0.316456
40	0.295359	0.227848	0.202532	0.274262
