Offset	A	C	G	T
1	0.300000	0.231579	0.221053	0.247368
2	0.321053	0.215789	0.226316	0.236842
3	0.300000	0.205263	0.157895	0.336842
4	0.321053	0.252632	0.189474	0.236842
5	0.247368	0.236842	0.210526	0.305263
6	0.305263	0.136842	0.247368	0.310526
7	0.247368	0.215789	0.263158	0.273684
8	0.331579	0.194737	0.236842	0.236842
9	0.310526	0.252632	0.189474	0.247368
10	0.273684	0.242105	0.200000	0.284211
11	0.231579	0.194737	0.289474	0.284211
12	0.305263	0.178947	0.215789	0.300000
13	0.321053	0.200000	0.168421	0.310526
14	0.284211	0.200000	0.221053	0.294737
15	0.342105	0.152632	0.210526	0.294737
16	0.300000	0.226316	0.215789	0.257895
17	0.278947	0.263158	0.178947	0.278947
18	0.247368	0.268421	0.221053	0.263158
19	0.252632	0.252632	0.147368	0.347368
20	0.326316	0.147368	0.247368	0.278947
21	0.368421	0.157895	0.284211	0.189474
22	0.331579	0.110526	0.289474	0.268421
23	0.257895	0.121053	0.242105	0.378947
24	0.336842	0.242105	0.226316	0.194737
25	0.278947	0.247368	0.147368	0.326316
26	0.289474	0.252632	0.163158	0.294737
27	0.236842	0.205263	0.205263	0.352632
28	0.247368	0.194737	0.215789	0.342105
29	0.289474	0.200000	0.194737	0.315789
30	0.273684	0.194737	0.205263	0.326316
31	0.273684	0.189474	0.210526	0.326316
32	0.321053	0.184211	0.178947	0.315789
33	0.315789	0.184211	0.205263	0.294737
34	0.278947	0.194737	0.236842	0.289474
35	0.252632	0.231579	0.215789	0.300000
36	0.326316	0.194737	0.194737	0.284211
37	0.310526	0.189474	0.184211	0.315789
38	0.263158	0.231579	0.242105	0.263158
39	0.310526	0.210526	0.173684	0.305263
40	0.294737	0.205263	0.200000	0.300000
