Offset	A	C	G	T
1	0.231579	0.205263	0.273684	0.289474
2	0.242105	0.189474	0.221053	0.347368
3	0.321053	0.168421	0.231579	0.278947
4	0.284211	0.168421	0.252632	0.294737
5	0.289474	0.263158	0.194737	0.252632
6	0.289474	0.152632	0.200000	0.357895
7	0.236842	0.247368	0.163158	0.352632
8	0.326316	0.157895	0.200000	0.315789
9	0.389474	0.221053	0.152632	0.236842
10	0.242105	0.226316	0.247368	0.284211
11	0.294737	0.142105	0.263158	0.300000
12	0.268421	0.194737	0.215789	0.321053
13	0.321053	0.189474	0.226316	0.263158
14	0.268421	0.210526	0.200000	0.321053
15	0.289474	0.184211	0.173684	0.352632
16	0.321053	0.194737	0.205263	0.278947
17	0.315789	0.189474	0.215789	0.278947
18	0.300000	0.284211	0.226316	0.189474
19	0.215789	0.300000	0.094737	0.389474
20	0.326316	0.136842	0.268421	0.268421
21	0.315789	0.221053	0.278947	0.184211
22	0.331579	0.136842	0.252632	0.278947
23	0.236842	0.152632	0.252632	0.357895
24	0.278947	0.257895	0.178947	0.284211
25	0.294737	0.242105	0.142105	0.321053
26	0.247368	0.284211	0.147368	0.321053
27	0.247368	0.289474	0.168421	0.294737
28	0.263158	0.242105	0.168421	0.326316
29	0.205263	0.247368	0.226316	0.321053
30	0.268421	0.210526	0.215789	0.305263
31	0.336842	0.215789	0.094737	0.352632
32	0.305263	0.226316	0.194737	0.273684
33	0.231579	0.205263	0.205263	0.357895
34	0.294737	0.268421	0.147368	0.289474
35	0.263158	0.231579	0.226316	0.278947
36	0.300000	0.152632	0.210526	0.336842
37	0.247368	0.263158	0.194737	0.294737
38	0.305263	0.189474	0.205263	0.300000
39	0.263158	0.221053	0.226316	0.289474
40	0.300000	0.226316	0.200000	0.273684
