Offset	A	C	G	T
1	0.333333	0.215190	0.181435	0.270042
2	0.316456	0.248945	0.143460	0.291139
3	0.282700	0.253165	0.202532	0.261603
4	0.286920	0.257384	0.210970	0.244726
5	0.282700	0.198312	0.232068	0.286920
6	0.316456	0.177215	0.286920	0.219409
7	0.329114	0.248945	0.202532	0.219409
8	0.244726	0.274262	0.206751	0.274262
9	0.308017	0.244726	0.194093	0.253165
10	0.282700	0.219409	0.198312	0.299578
11	0.274262	0.244726	0.198312	0.282700
12	0.312236	0.215190	0.236287	0.236287
13	0.350211	0.202532	0.185654	0.261603
14	0.261603	0.164557	0.303797	0.270042
15	0.257384	0.253165	0.248945	0.240506
16	0.358650	0.181435	0.227848	0.232068
17	0.312236	0.202532	0.265823	0.219409
18	0.244726	0.232068	0.286920	0.236287
19	0.286920	0.185654	0.215190	0.312236
20	0.282700	0.168776	0.308017	0.240506
21	0.333333	0.160338	0.375527	0.130802
22	0.354430	0.177215	0.219409	0.248945
23	0.278481	0.181435	0.232068	0.308017
24	0.244726	0.248945	0.282700	0.223629
25	0.278481	0.274262	0.130802	0.316456
26	0.291139	0.291139	0.151899	0.265823
27	0.308017	0.240506	0.240506	0.210970
28	0.265823	0.219409	0.206751	0.308017
29	0.265823	0.240506	0.198312	0.295359
30	0.291139	0.215190	0.223629	0.270042
31	0.265823	0.240506	0.198312	0.295359
32	0.270042	0.236287	0.223629	0.270042
33	0.329114	0.210970	0.181435	0.278481
34	0.282700	0.206751	0.185654	0.324895
35	0.248945	0.194093	0.270042	0.286920
36	0.244726	0.253165	0.227848	0.274262
37	0.291139	0.215190	0.185654	0.308017
38	0.291139	0.236287	0.198312	0.274262
39	0.244726	0.248945	0.265823	0.240506
40	0.282700	0.219409	0.194093	0.303797
