>Motif01	Motif01_SOX15	6.587288	-12719.595778	0
0.438	0.207	0.214	0.141
0.375	0.117	0.160	0.348
0.373	0.204	0.296	0.128
0.896	0.042	0.001	0.061
0.001	0.936	0.007	0.056
0.997	0.001	0.001	0.001
0.997	0.001	0.001	0.001
0.504	0.005	0.001	0.490
0.439	0.002	0.550	0.009
0.162	0.176	0.661	0.001
>Motif02	Motif02_Pou5f1_Sox2	7.663219	-7135.678141	0
0.037	0.037	0.029	0.897
0.047	0.013	0.035	0.905
0.119	0.187	0.621	0.073
0.209	0.052	0.056	0.683
0.176	0.212	0.110	0.502
0.807	0.038	0.023	0.132
0.092	0.015	0.038	0.855
0.064	0.036	0.746	0.154
0.037	0.617	0.083	0.263
0.779	0.028	0.017	0.176
0.728	0.035	0.154	0.083
0.860	0.028	0.053	0.059
>Motif03	Motif03_TEAD	6.809770	-3817.646926	0
0.200	0.213	0.324	0.264
0.508	0.001	0.490	0.001
0.348	0.650	0.001	0.001
0.997	0.001	0.001	0.001
0.001	0.001	0.001	0.997
0.001	0.001	0.001	0.997
0.001	0.997	0.001	0.001
0.001	0.923	0.001	0.075
0.239	0.001	0.001	0.759
0.163	0.085	0.264	0.488
>Motif04	Motif04_CTCF	7.024679	-3109.099267	0
0.046	0.909	0.023	0.022
0.002	0.992	0.002	0.004
0.909	0.011	0.010	0.070
0.028	0.827	0.133	0.012
0.128	0.234	0.022	0.616
0.922	0.003	0.054	0.021
0.009	0.001	0.986	0.004
0.397	0.001	0.598	0.004
0.044	0.004	0.567	0.385
0.009	0.002	0.983	0.006
0.018	0.018	0.905	0.059
0.129	0.786	0.018	0.067
>Motif05	Motif05_PB0068.1_Sox1_1	5.784752	-1855.559500	0
0.212	0.138	0.121	0.529
0.086	0.001	0.047	0.866
0.138	0.210	0.635	0.017
0.760	0.001	0.006	0.233
0.911	0.001	0.001	0.087
0.453	0.001	0.001	0.545
0.323	0.001	0.564	0.112
0.140	0.087	0.772	0.001
>Motif06	Motif06_Zic	6.952166	-1841.564303	0
0.001	0.994	0.004	0.001
0.132	0.866	0.001	0.001
0.027	0.278	0.001	0.694
0.309	0.001	0.689	0.001
0.029	0.694	0.001	0.276
0.108	0.001	0.193	0.698
0.118	0.001	0.880	0.001
0.465	0.022	0.188	0.326
0.005	0.001	0.709	0.285
0.443	0.253	0.013	0.291
>Motif07	Motif07_ZFX	5.194031	-1310.067062	0
0.735	0.035	0.184	0.046
0.819	0.034	0.114	0.033
0.803	0.040	0.022	0.135
0.142	0.026	0.699	0.133
0.083	0.111	0.755	0.051
0.056	0.795	0.091	0.058
0.108	0.663	0.055	0.174
0.059	0.068	0.142	0.731
>Motif10	Motif10_GSX2	5.355314	-860.664815	0
0.145	0.615	0.239	0.001
0.001	0.286	0.103	0.610
0.934	0.001	0.024	0.041
0.428	0.079	0.226	0.267
0.001	0.206	0.172	0.621
0.149	0.469	0.329	0.053
0.568	0.201	0.230	0.001
0.086	0.368	0.545	0.001
